var rand12 = {
	"name": "rand12",
	"vertexCount": 12,
	"optimalTourLength": 2328,
	"optimalTour": [0,9,4,11,3,1,6,5,2,10,7,8],
	"distances": [
		[0,585,603,509,276,665,497,339,280,251,374,257],
		[585,0,630,211,445,261,199,554,608,437,514,370],
		[603,630,0,753,748,448,432,266,345,719,231,653],
		[509,211,753,0,288,460,342,604,629,293,582,254],
		[276,445,748,288,0,626,460,519,500,30,526,101],
		[665,261,448,460,626,0,172,487,569,608,431,530],
		[497,199,432,342,460,172,0,374,441,441,327,362],
		[339,554,266,604,519,487,374,0,92,489,59,437],
		[280,608,345,629,500,569,441,92,0,470,150,430],
		[251,437,719,293,30,608,441,489,470,0,496,79],
		[374,514,231,582,526,431,327,59,150,496,0,437],
		[257,370,653,254,101,530,362,437,430,79,437,0]
	]
}