var rand14 = {
	"name": "rand14",
	"vertexCount": 14,
	"optimalTourLength": 2607,
	"optimalTour": [0,2,5,9,3,1,10,11,6,4,13,7,12,8],
	"distances": [
		[0,308,107,231,177,178,191,552,392,97,519,496,533,107],
		[308,0,343,88,156,392,173,689,618,225,214,215,724,249],
		[107,343,0,255,250,72,273,653,475,123,538,550,624,206],
		[231,88,255,0,118,304,147,673,574,140,289,302,692,193],
		[177,156,250,118,0,316,33,554,464,131,369,320,576,94],
		[178,392,72,304,316,0,341,716,528,186,574,604,679,277],
		[191,173,273,147,33,341,0,526,445,158,381,315,553,94],
		[552,689,653,673,554,716,526,0,235,616,866,724,128,499],
		[392,618,475,574,464,528,445,235,0,477,824,722,155,381],
		[97,225,123,140,131,186,158,616,477,0,430,428,612,121],
		[519,214,538,289,369,574,381,866,824,430,0,184,917,462],
		[496,215,550,302,320,604,315,724,722,428,184,0,792,409],
		[533,724,624,692,576,679,553,128,155,612,917,792,0,504],
		[107,249,206,193,94,277,94,499,381,121,462,409,504,0]
	]
}