var rand6 = {
	"name": "rand6",
	"vertexCount": 6,
	"optimalTourLength": 2028,
	"optimalTour": [0,2,4,3,1,5],
	"distances": [
		[0,504,314,724,327,202],
		[504,0,728,384,400,315],
		[314,728,0,807,375,423],
		[724,384,807,0,438,530],
		[327,400,375,438,0,204],
		[202,315,423,530,204,0]
	]
}