var rand10 = {
	"name": "rand10",
	"vertexCount": 10,
	"optimalTourLength": 2187,
	"optimalTour": [0,1,6,3,5,7,4,9,8,2],
	"distances": [
		[0,86,105,394,605,472,394,649,369,488],
		[86,0,153,415,651,511,407,665,454,546],
		[105,153,0,491,682,558,494,747,336,555],
		[394,415,491,0,276,130,39,256,548,248],
		[605,651,682,276,0,148,308,254,596,147],
		[472,511,558,130,148,0,165,234,535,139],
		[394,407,494,39,308,165,0,257,573,287],
		[649,665,747,256,254,234,257,0,768,353],
		[369,454,336,548,596,535,573,768,0,449],
		[488,546,555,248,147,139,287,353,449,0],
	]
}