var rand8 = {
	"name": "rand8",
	"vertexCount": 8,
	"optimalTourLength": 1818,
	"optimalTour": [0,3,5,4,1,2,6,7],
	"distances": [
		[0,528,284,95,578,561,123,76],
		[528,0,293,479,485,487,557,599],
		[284,293,0,281,578,569,275,340],
		[95,479,281,0,483,466,211,165],
		[578,485,578,483,0,21,686,646],
		[561,487,569,466,21,0,671,629],
		[123,557,275,211,686,671,0,107],
		[76,599,340,165,646,629,107,0]
	]
}