var rand11 = {
	"name": "rand11",
	"vertexCount": 11,
	"optimalTourLength": 2416,
	"optimalTour": [0,9,2,10,3,5,7,1,6,4,8],
	"distances": [
		[0,633,158,376,433,655,548,731,227,105,355],
		[633,0,790,449,207,625,117,282,413,735,454],
		[158,790,0,490,588,736,706,872,385,73,469],
		[376,449,490,0,272,303,434,408,309,471,21],
		[433,207,588,272,0,518,163,339,226,538,270],
		[655,625,736,303,518,0,659,430,611,736,321],
		[548,117,706,434,163,659,0,377,322,646,433],
		[731,282,872,408,339,430,377,0,556,836,424],
		[227,413,385,309,226,611,322,556,0,324,293],
		[105,735,73,471,538,736,646,836,324,0,450],
		[355,454,469,21,270,321,433,424,293,450,0]
	]
}