var rand7 = {
	"name": "rand7",
	"vertexCount": 7,
	"optimalTourLength": 2006,
	"optimalTour": [0,5,2,4,3,1,6],
	"distances": [
		[0,346,798,754,838,453,345],
		[346,0,587,517,588,358,139],
		[798,587,0,86,106,359,723],
		[754,517,86,0,87,338,650],
		[838,588,106,87,0,424,718],
		[453,358,359,338,424,0,490],
		[345,139,723,650,718,490,0]
	]
}